38
539 75 1 1
789 205 2 2
1255 196 3 3
1381 37 4 4
1435 255 5 5
628 642 6 6
822 861 7 7
1192 871 8 8
1445 607 9 9
1145 671 11 11
887 680 10 10
810 380 16 16
1149 672 12 12
1148 670 15 15
1149 671 14 14
1150 669 13 13
1278 357 19 19
1107 372 18 18
1155 355 20 20
1017 404 17 17
863 376 21 21
399 1008 22 22
483 770 23 23
621 333 0 0
1364 820 24 24
1432 1022 25 25
144 263 26 d
209 263 27 o
277 264 28 g
344 264 29 e
190 336 30 to
131 411 32 M
297 423 34 N
214 421 33 OO
274 343 31 the
134 533 35 0.
202 535 36 44
273 542 37 $
20
1 2 e
2 0 e
2 3 e
3 4 e
4 5 e
5 3 e
5 9 e
6 0 e
7 6 e
8 7 e
9 8 e
11 10 e
16 17 e
19 18 e
18 19 e
17 16 e
22 23 e
23 0 e
0 1 e
24 25 e
